t: 0.00000000 | iteration:   1 | residual: 0.000000000000000
t: 0.25000000 | iteration:   1 | residual: 0.000000000000000
t: 0.50000000 | iteration:   1 | residual: 0.000000000000000
t: 0.75000000 | iteration:   1 | residual: 0.000000000000000
