t: 0.00000000 | iteration:   0 | residual: 0.000000711512197
t: 0.25000000 | iteration:   0 | residual: 0.000000712131043
t: 0.50000000 | iteration:   0 | residual: 0.000000712959446
t: 0.75000000 | iteration:   0 | residual: 0.000000713009289
